4 4
2 5 4 0
2 1 4 2
0 1 1 0
4 4 0 3
0 0 4 3
0 0 1 1
1 4 0 0
4 4 3 5
5 5 2 4
1 1 0 5
4 1 0 4
1 0 2 4
3 5 1 2
1 4 2 0
0 1 5 2
1 5 0 4



Soluciones
______________

3 10 16 7 
15 13 2 11 
12 8 9 4 
6 14 1 5 
--------------

3 12 15 6 
14 8 13 10 
1 9 2 16 
5 4 11 7 
--------------

5 1 14 3 
4 9 8 12 
11 2 13 15 
7 16 10 6 
--------------

5 1 14 6 
4 9 8 12 
11 2 13 15 
7 16 10 3 
--------------

6 10 16 7 
15 13 2 11 
12 8 9 4 
3 14 1 5 
--------------

6 12 15 3 
14 8 13 10 
1 9 2 16 
5 4 11 7 
--------------

7 11 4 5 
16 2 9 1 
10 13 8 14 
3 15 12 6 
--------------

7 11 4 5 
16 2 9 1 
10 13 8 14 
6 15 12 3 
--------------

